4
*NAME
None
0 C
1 Si
2 H
3 Si_ox
*MASS
1E-27
0 19.94E-27
1 46.63E-27
2 46.63E-27
3 50.00E-27
*NUM_BONDS
0
0 4
1 4
2 1
3 4
*K_B
0
0 0 10.50
0 1 9.65
1 1 9.08
1 2 40
2 1 40
3 3 1.89
2 3 40
1 3 9.08
*B_0
0
0 0 1.54
0 1 1.86
0 2 1.4
1 1 2.3513
1 2 1.5
2 2 0.75
3 3 3.04
2 3 1.55
1 3 2.35
*D_0
3
0 0 2
0 1 2
0 2 2.
1 1 3
1 2 3
2 2 3
*K_OMEGA
4
0 0 0 3.58
0 1 0 4.2
0 1 1 4.8
1 0 0 4.8
1 1 0 4.8
1 1 1 3.58
1 1 2 4.2
1 2 1 4.2
1 2 2 4.8
*GAMMA
0.5
0 0 0.2
0 1 0.2
1 1 0.5
1 2 0.5
0 2 0.2
2 2 0.5
*COS_ANGLE
-0.33333333
0 -0.3333333333
1 -0.3333333333
2 -0.3333333333
